[Интерполяция Лагранжа]0.0
0.11363636363636363
0.22727272727272727
0.3409090909090909
0.45454545454545453
0.5681818181818181
0.6818181818181818
0.7954545454545454
0.9090909090909091
1.0227272727272727
1.1363636363636362
1.25
1.3636363636363635
1.4772727272727273
1.5909090909090908
1.7045454545454546
1.8181818181818181
1.9318181818181817
2.0454545454545454
2.159090909090909
2.2727272727272725
2.3863636363636362
2.5
2.6136363636363638
2.727272727272727
2.840909090909091
2.9545454545454546
3.068181818181818
3.1818181818181817
3.2954545454545454
3.409090909090909
3.5227272727272725
3.6363636363636362
3.75
3.8636363636363633
3.977272727272727
4.090909090909091
4.204545454545454
4.318181818181818
4.431818181818182
4.545454545454545
4.659090909090909
4.7727272727272725
4.886363636363636
5.0
5.113636363636363
5.2272727272727275
5.340909090909091
5.454545454545454
5.568181818181818
5.681818181818182
5.795454545454545
5.909090909090909
6.0227272727272725
6.136363636363636
6.25
6.363636363636363
6.477272727272727
6.590909090909091
6.704545454545454
6.818181818181818
6.931818181818182
7.045454545454545
7.159090909090909
7.2727272727272725
7.386363636363636
7.5
7.613636363636363
7.727272727272727
7.840909090909091
7.954545454545454
8.068181818181818
8.181818181818182
8.295454545454545
8.409090909090908
8.522727272727272
8.636363636363637
8.75
8.863636363636363
8.977272727272727
9.09090909090909
9.204545454545455
9.318181818181818
9.431818181818182
9.545454545454545
9.659090909090908
9.772727272727272
9.886363636363637
10.0
10.113636363636363
10.227272727272727
10.34090909090909
10.454545454545455
10.568181818181818
10.681818181818182
10.795454545454545
10.909090909090908
11.022727272727272
11.136363636363637
11.25
