[»нтерпол€ци€ Ќьютона]-4.0
-2.8324685386927126
-1.8240045078888056
-0.9658034372652141
-0.24906085649887327
0.33502770473328297
0.7952667167543201
1.1404606498873027
1.3794139744552965
1.520931160781367
1.5738166791885801
1.546875
1.4489105935386932
1.2887279301277235
1.075131480090158
0.8169257137490613
0.5229151014274981
0.20190411344853587
-0.1373027798647628
-0.4859011081893314
-0.8350864012021018
-1.1760541885800158
-1.5
-1.7981193651389926
-2.061607813673926
-2.2816608752817427
-2.4494740796393693
-2.5562429564237448
-2.593163035311795
-2.551429845980463
-2.422238918106686
-2.1967857813673923
-1.8662659654395206
-1.421875
-0.854808414725774
-0.15626173929376108
0.682569496619081
1.670489763335837
2.816303531179571
4.128815270473332
5.616829451540191
7.28915054470324
9.154583020285493
11.221931348610056
13.5
15.99759344477836
18.72351615326822
21.68657259579264
24.89556724267466
28.359304564237405
32.08658903080391
36.08622511269721
40.36701728024043
44.937770003756555
49.807287753568716
54.984375
60.47783621337342
66.29647586401198
72.44909842223889
78.94450835837713
85.79151014274981
92.99890824567993
100.57550713749058
108.53011128850488
116.87152516904581
125.60855324943645
134.75
144.30466989105935
154.28136739293757
164.68889697595796
175.53606311044322
186.83167026671674
198.58452291510142
210.80342552592026
223.49718256949654
236.67459851615314
250.3444778362134
264.515625
279.19684447783624
294.396940740045
310.1247182569496
326.38898149887314
343.19853493613823
360.5621830390683
378.48873027798635
396.98698112321557
416.06574004507866
435.73381151389935
456.0
476.87310997370395
498.36194590533427
520.4753122652139
543.2220135236665
566.6108541510142
590.6506386175807
615.3501713936889
640.7182569496617
666.7636997558225
693.4953042824945
720.921875
